# {
#     "poni_version": 2.1,
#     "detector": "Dexela2923",
#     "detector_config": {
#         "pixel1": 7.5e-05,
#         "pixel2": 7.5e-05,
#         "orientation": 3
#     },
#     "dist": 0.7729163652097074,
#     "poni1": 0.15023228379054998,
#     "poni2": 0.13162955346626973,
#     "rot1": -0.03463361979894058,
#     "rot2": -0.0014763885094713292,
#     "rot3": -7.645244767931508e-10,
#     "wavelength": 1.82e-11
# }
# Mask applied: user provided
# Dark current applied: False
# Flat field applied: False
# Polarization factor: None
# Normalization factor: 1.0
# --> integrated_CeO2.dat
#       2th_deg             I 
  5.306230e-01    2.262103e+01
  5.459080e-01    2.422448e+01
  5.611931e-01    2.476275e+01
  5.764781e-01    2.471935e+01
  5.917632e-01    2.465491e+01
  6.070482e-01    2.467436e+01
  6.223333e-01    2.462722e+01
  6.376183e-01    2.472222e+01
  6.529034e-01    2.484551e+01
  6.681884e-01    2.474236e+01
  6.834735e-01    2.469182e+01
  6.987585e-01    2.453275e+01
  7.140436e-01    2.396596e+01
  7.293286e-01    2.387651e+01
  7.446137e-01    2.383455e+01
  7.598987e-01    2.398145e+01
  7.751838e-01    2.373840e+01
  7.904688e-01    2.334950e+01
  8.057539e-01    2.310518e+01
  8.210389e-01    2.320780e+01
  8.363240e-01    2.309122e+01
  8.516090e-01    2.283215e+01
  8.668941e-01    2.262652e+01
  8.821791e-01    2.258643e+01
  8.974642e-01    2.237153e+01
  9.127492e-01    2.217930e+01
  9.280343e-01    2.206470e+01
  9.433193e-01    2.195310e+01
  9.586044e-01    2.179246e+01
  9.738894e-01    2.171101e+01
  9.891745e-01    2.158806e+01
  1.004460e+00    2.138095e+01
  1.019745e+00    2.131556e+01
  1.035030e+00    2.127811e+01
  1.050315e+00    2.116053e+01
  1.065600e+00    2.063960e+01
  1.080885e+00    2.075973e+01
  1.096170e+00    2.068183e+01
  1.111455e+00    2.065345e+01
  1.126740e+00    2.055409e+01
  1.142025e+00    2.049121e+01
  1.157310e+00    2.056730e+01
  1.172595e+00    2.046397e+01
  1.187880e+00    2.044984e+01
  1.203165e+00    2.037279e+01
  1.218450e+00    2.045092e+01
  1.233735e+00    2.037157e+01
  1.249020e+00    2.058051e+01
  1.264305e+00    2.050853e+01
  1.279590e+00    2.049298e+01
  1.294875e+00    2.052799e+01
  1.310161e+00    2.052118e+01
  1.325446e+00    2.057751e+01
  1.340731e+00    2.052335e+01
  1.356016e+00    2.055068e+01
  1.371301e+00    2.057624e+01
  1.386586e+00    2.050665e+01
  1.401871e+00    2.048213e+01
  1.417156e+00    2.047033e+01
  1.432441e+00    2.036183e+01
  1.447726e+00    2.037965e+01
  1.463011e+00    2.038083e+01
  1.478296e+00    2.030117e+01
  1.493581e+00    2.029378e+01
  1.508866e+00    2.022472e+01
  1.524151e+00    2.023845e+01
  1.539436e+00    2.015815e+01
  1.554721e+00    2.012655e+01
  1.570006e+00    2.020092e+01
  1.585291e+00    2.011942e+01
  1.600577e+00    2.009238e+01
  1.615862e+00    2.008950e+01
  1.631147e+00    2.004912e+01
  1.646432e+00    2.002867e+01
  1.661717e+00    1.999851e+01
  1.677002e+00    1.996201e+01
  1.692287e+00    1.997219e+01
  1.707572e+00    1.995418e+01
  1.722857e+00    1.998958e+01
  1.738142e+00    1.999975e+01
  1.753427e+00    2.003387e+01
  1.768712e+00    1.999141e+01
  1.783997e+00    2.004687e+01
  1.799282e+00    2.001716e+01
  1.814567e+00    1.996661e+01
  1.829852e+00    1.997183e+01
  1.845137e+00    2.000485e+01
  1.860422e+00    2.000441e+01
  1.875707e+00    1.998039e+01
  1.890992e+00    1.996787e+01
  1.906278e+00    1.999838e+01
  1.921563e+00    1.999730e+01
  1.936848e+00    2.003155e+01
  1.952133e+00    2.002876e+01
  1.967418e+00    1.998027e+01
  1.982703e+00    1.994057e+01
  1.997988e+00    1.995278e+01
  2.013273e+00    1.989297e+01
  2.028558e+00    1.988675e+01
  2.043843e+00    1.991379e+01
  2.059128e+00    1.991130e+01
  2.074413e+00    1.987202e+01
  2.089698e+00    1.983046e+01
  2.104983e+00    1.982472e+01
  2.120268e+00    1.976751e+01
  2.135553e+00    1.977556e+01
  2.150838e+00    1.977473e+01
  2.166123e+00    1.968127e+01
  2.181408e+00    1.960185e+01
  2.196693e+00    1.954275e+01
  2.211979e+00    1.953032e+01
  2.227264e+00    1.951644e+01
  2.242549e+00    1.944998e+01
  2.257834e+00    1.945737e+01
  2.273119e+00    1.937423e+01
  2.288404e+00    1.932977e+01
  2.303689e+00    1.930778e+01
  2.318974e+00    1.918867e+01
  2.334259e+00    1.912650e+01
  2.349544e+00    1.908693e+01
  2.364829e+00    1.900955e+01
  2.380114e+00    1.897797e+01
  2.395399e+00    1.895132e+01
  2.410684e+00    1.889734e+01
  2.425969e+00    1.884185e+01
  2.441254e+00    1.878190e+01
  2.456539e+00    1.873981e+01
  2.471824e+00    1.874070e+01
  2.487109e+00    1.847025e+01
  2.502395e+00    1.854873e+01
  2.517680e+00    1.850028e+01
  2.532965e+00    1.847591e+01
  2.548250e+00    1.844042e+01
  2.563535e+00    1.845339e+01
  2.578820e+00    1.839115e+01
  2.594105e+00    1.835495e+01
  2.609390e+00    1.822692e+01
  2.624675e+00    1.822696e+01
  2.639960e+00    1.819514e+01
  2.655245e+00    1.816440e+01
  2.670530e+00    1.812023e+01
  2.685815e+00    1.808573e+01
  2.701100e+00    1.804857e+01
  2.716385e+00    1.803885e+01
  2.731670e+00    1.799060e+01
  2.746955e+00    1.798253e+01
  2.762240e+00    1.799215e+01
  2.777525e+00    1.797742e+01
  2.792810e+00    1.794633e+01
  2.808096e+00    1.785558e+01
  2.823381e+00    1.790342e+01
  2.838666e+00    1.785341e+01
  2.853951e+00    1.780466e+01
  2.869236e+00    1.782698e+01
  2.884521e+00    1.783415e+01
  2.899806e+00    1.780685e+01
  2.915091e+00    1.785495e+01
  2.930376e+00    1.788376e+01
  2.945661e+00    1.785726e+01
  2.960946e+00    1.778989e+01
  2.976231e+00    1.783191e+01
  2.991516e+00    1.786990e+01
  3.006801e+00    1.789588e+01
  3.022086e+00    1.800721e+01
  3.037371e+00    1.809338e+01
  3.052656e+00    1.813914e+01
  3.067941e+00    1.819175e+01
  3.083226e+00    1.828400e+01
  3.098511e+00    1.840773e+01
  3.113797e+00    1.855687e+01
  3.129082e+00    1.883353e+01
  3.144367e+00    1.906163e+01
  3.159652e+00    1.939532e+01
  3.174937e+00    1.984855e+01
  3.190222e+00    2.040559e+01
  3.205507e+00    2.121543e+01
  3.220792e+00    2.240527e+01
  3.236077e+00    2.419778e+01
  3.251362e+00    2.737656e+01
  3.266647e+00    3.359947e+01
  3.281932e+00    4.821360e+01
  3.297217e+00    9.456912e+01
  3.312502e+00    2.625085e+02
  3.327787e+00    5.611300e+02
  3.343072e+00    6.713143e+02
  3.358357e+00    4.302272e+02
  3.373642e+00    1.559416e+02
  3.388927e+00    6.303905e+01
  3.404212e+00    3.793587e+01
  3.419498e+00    2.867978e+01
  3.434783e+00    2.443209e+01
  3.450068e+00    2.199467e+01
  3.465353e+00    2.048762e+01
  3.480638e+00    1.942848e+01
  3.495923e+00    1.867362e+01
  3.511208e+00    1.810196e+01
  3.526493e+00    1.770688e+01
  3.541778e+00    1.736420e+01
  3.557063e+00    1.712067e+01
  3.572348e+00    1.687114e+01
  3.587633e+00    1.670491e+01
  3.602918e+00    1.656252e+01
  3.618203e+00    1.643481e+01
  3.633488e+00    1.640090e+01
  3.648773e+00    1.634021e+01
  3.664058e+00    1.626736e+01
  3.679343e+00    1.627238e+01
  3.694628e+00    1.633448e+01
  3.709914e+00    1.642884e+01
  3.725199e+00    1.658322e+01
  3.740484e+00    1.686563e+01
  3.755769e+00    1.739202e+01
  3.771054e+00    1.832668e+01
  3.786339e+00    2.024483e+01
  3.801624e+00    2.525196e+01
  3.816909e+00    4.230730e+01
  3.832194e+00    1.014080e+02
  3.847479e+00    1.849508e+02
  3.862764e+00    1.929285e+02
  3.878049e+00    1.123176e+02
  3.893334e+00    4.527258e+01
  3.908619e+00    2.524587e+01
  3.923904e+00    1.968544e+01
  3.939189e+00    1.746606e+01
  3.954474e+00    1.641312e+01
  3.969759e+00    1.578100e+01
  3.985044e+00    1.537275e+01
  4.000329e+00    1.503333e+01
  4.015615e+00    1.481431e+01
  4.030900e+00    1.462895e+01
  4.046185e+00    1.446769e+01
  4.061470e+00    1.436944e+01
  4.076755e+00    1.423193e+01
  4.092040e+00    1.415438e+01
  4.107325e+00    1.408686e+01
  4.122610e+00    1.400509e+01
  4.137895e+00    1.395689e+01
  4.153180e+00    1.389075e+01
  4.168465e+00    1.382282e+01
  4.183750e+00    1.376164e+01
  4.199035e+00    1.369480e+01
  4.214320e+00    1.368502e+01
  4.229605e+00    1.361572e+01
  4.244890e+00    1.357268e+01
  4.260175e+00    1.353526e+01
  4.275460e+00    1.350368e+01
  4.290745e+00    1.347976e+01
  4.306030e+00    1.347323e+01
  4.321316e+00    1.345069e+01
  4.336601e+00    1.337948e+01
  4.351886e+00    1.337092e+01
  4.367171e+00    1.336696e+01
  4.382456e+00    1.333539e+01
  4.397741e+00    1.325474e+01
  4.413026e+00    1.327262e+01
  4.428311e+00    1.321176e+01
  4.443596e+00    1.320412e+01
  4.458881e+00    1.316645e+01
  4.474166e+00    1.313134e+01
  4.489451e+00    1.310464e+01
  4.504736e+00    1.310664e+01
  4.520021e+00    1.309029e+01
  4.535306e+00    1.303175e+01
  4.550591e+00    1.300769e+01
  4.565876e+00    1.301209e+01
  4.581161e+00    1.300151e+01
  4.596446e+00    1.295686e+01
  4.611732e+00    1.290427e+01
  4.627017e+00    1.288362e+01
  4.642302e+00    1.287402e+01
  4.657587e+00    1.287135e+01
  4.672872e+00    1.284769e+01
  4.688157e+00    1.282510e+01
  4.703442e+00    1.284770e+01
  4.718727e+00    1.282245e+01
  4.734012e+00    1.282458e+01
  4.749297e+00    1.284244e+01
  4.764582e+00    1.286363e+01
  4.779867e+00    1.281451e+01
  4.795152e+00    1.281916e+01
  4.810437e+00    1.284248e+01
  4.825722e+00    1.283932e+01
  4.841007e+00    1.282081e+01
  4.856292e+00    1.282589e+01
  4.871577e+00    1.281650e+01
  4.886862e+00    1.279571e+01
  4.902147e+00    1.283302e+01
  4.917433e+00    1.282401e+01
  4.932718e+00    1.283299e+01
  4.948003e+00    1.281859e+01
  4.963288e+00    1.282224e+01
  4.978573e+00    1.285936e+01
  4.993858e+00    1.288714e+01
  5.009143e+00    1.286254e+01
  5.024428e+00    1.292924e+01
  5.039713e+00    1.295390e+01
  5.054998e+00    1.294844e+01
  5.070283e+00    1.299814e+01
  5.085568e+00    1.305426e+01
  5.100853e+00    1.307207e+01
  5.116138e+00    1.311558e+01
  5.131423e+00    1.314096e+01
  5.146708e+00    1.323914e+01
  5.161993e+00    1.330614e+01
  5.177278e+00    1.336877e+01
  5.192563e+00    1.346872e+01
  5.207848e+00    1.357510e+01
  5.223134e+00    1.369823e+01
  5.238419e+00    1.382361e+01
  5.253704e+00    1.400777e+01
  5.268989e+00    1.426223e+01
  5.284274e+00    1.455388e+01
  5.299559e+00    1.495595e+01
  5.314844e+00    1.547509e+01
  5.330129e+00    1.611598e+01
  5.345414e+00    1.726461e+01
  5.360699e+00    1.906764e+01
  5.375984e+00    2.238791e+01
  5.391269e+00    2.959735e+01
  5.406554e+00    4.925644e+01
  5.421839e+00    1.170466e+02
  5.437124e+00    2.775998e+02
  5.452409e+00    4.009411e+02
  5.467694e+00    3.275146e+02
  5.482979e+00    1.532425e+02
  5.498264e+00    5.935500e+01
  5.513549e+00    3.223639e+01
  5.528835e+00    2.317712e+01
  5.544120e+00    1.930044e+01
  5.559405e+00    1.727659e+01
  5.574690e+00    1.606197e+01
  5.589975e+00    1.524787e+01
  5.605260e+00    1.468887e+01
  5.620545e+00    1.426510e+01
  5.635830e+00    1.395556e+01
  5.651115e+00    1.371331e+01
  5.666400e+00    1.354741e+01
  5.681685e+00    1.340093e+01
  5.696970e+00    1.325782e+01
  5.712255e+00    1.313179e+01
  5.727540e+00    1.304734e+01
  5.742825e+00    1.295325e+01
  5.758110e+00    1.290280e+01
  5.773395e+00    1.282835e+01
  5.788680e+00    1.277589e+01
  5.803965e+00    1.272703e+01
  5.819251e+00    1.271109e+01
  5.834536e+00    1.267028e+01
  5.849821e+00    1.267208e+01
  5.865106e+00    1.266340e+01
  5.880391e+00    1.263200e+01
  5.895676e+00    1.259758e+01
  5.910961e+00    1.259851e+01
  5.926246e+00    1.259600e+01
  5.941531e+00    1.259512e+01
  5.956816e+00    1.257120e+01
  5.972101e+00    1.255498e+01
  5.987386e+00    1.256711e+01
  6.002671e+00    1.258171e+01
  6.017956e+00    1.260528e+01
  6.033241e+00    1.266032e+01
  6.048526e+00    1.267093e+01
  6.063811e+00    1.271283e+01
  6.079096e+00    1.271609e+01
  6.094381e+00    1.279956e+01
  6.109666e+00    1.285469e+01
  6.124952e+00    1.290273e+01
  6.140237e+00    1.299365e+01
  6.155522e+00    1.310495e+01
  6.170807e+00    1.320916e+01
  6.186092e+00    1.335788e+01
  6.201377e+00    1.351454e+01
  6.216662e+00    1.373538e+01
  6.231947e+00    1.407473e+01
  6.247232e+00    1.446711e+01
  6.262517e+00    1.498827e+01
  6.277802e+00    1.575143e+01
  6.293087e+00    1.695534e+01
  6.308372e+00    1.893450e+01
  6.323657e+00    2.276173e+01
  6.338942e+00    3.158626e+01
  6.354227e+00    5.840104e+01
  6.369512e+00    1.454754e+02
  6.384797e+00    2.871655e+02
  6.400082e+00    3.311364e+02
  6.415367e+00    2.201919e+02
  6.430653e+00    9.253990e+01
  6.445938e+00    4.073680e+01
  6.461223e+00    2.571009e+01
  6.476508e+00    2.013822e+01
  6.491793e+00    1.753948e+01
  6.507078e+00    1.612703e+01
  6.522363e+00    1.528597e+01
  6.537648e+00    1.476369e+01
  6.552933e+00    1.446098e+01
  6.568218e+00    1.430664e+01
  6.583503e+00    1.435489e+01
  6.598788e+00    1.469497e+01
  6.614073e+00    1.554024e+01
  6.629358e+00    1.795095e+01
  6.644643e+00    2.603345e+01
  6.659928e+00    4.771571e+01
  6.675213e+00    7.048713e+01
  6.690498e+00    6.689015e+01
  6.705783e+00    4.157607e+01
  6.721069e+00    2.284846e+01
  6.736354e+00    1.646243e+01
  6.751639e+00    1.432968e+01
  6.766924e+00    1.346617e+01
  6.782209e+00    1.302716e+01
  6.797494e+00    1.276296e+01
  6.812779e+00    1.255725e+01
  6.828064e+00    1.246128e+01
  6.843349e+00    1.231497e+01
  6.858634e+00    1.222380e+01
  6.873919e+00    1.214831e+01
  6.889204e+00    1.209073e+01
  6.904489e+00    1.203903e+01
  6.919774e+00    1.199578e+01
  6.935059e+00    1.197144e+01
  6.950344e+00    1.190783e+01
  6.965629e+00    1.188702e+01
  6.980914e+00    1.189338e+01
  6.996199e+00    1.187138e+01
  7.011484e+00    1.183741e+01
  7.026770e+00    1.181921e+01
  7.042055e+00    1.177914e+01
  7.057340e+00    1.177594e+01
  7.072625e+00    1.175553e+01
  7.087910e+00    1.172112e+01
  7.103195e+00    1.171945e+01
  7.118480e+00    1.170115e+01
  7.133765e+00    1.169895e+01
  7.149050e+00    1.168506e+01
  7.164335e+00    1.165546e+01
  7.179620e+00    1.168603e+01
  7.194905e+00    1.166624e+01
  7.210190e+00    1.166079e+01
  7.225475e+00    1.166098e+01
  7.240760e+00    1.167004e+01
  7.256045e+00    1.165676e+01
  7.271330e+00    1.164013e+01
  7.286615e+00    1.161751e+01
  7.301900e+00    1.164486e+01
  7.317185e+00    1.163835e+01
  7.332471e+00    1.165812e+01
  7.347756e+00    1.167099e+01
  7.363041e+00    1.164522e+01
  7.378326e+00    1.168116e+01
  7.393611e+00    1.164940e+01
  7.408896e+00    1.165401e+01
  7.424181e+00    1.166631e+01
  7.439466e+00    1.166420e+01
  7.454751e+00    1.170222e+01
  7.470036e+00    1.172311e+01
  7.485321e+00    1.175084e+01
  7.500606e+00    1.177625e+01
  7.515891e+00    1.183087e+01
  7.531176e+00    1.189546e+01
  7.546461e+00    1.194071e+01
  7.561746e+00    1.199398e+01
  7.577031e+00    1.209112e+01
  7.592316e+00    1.222430e+01
  7.607601e+00    1.242662e+01
  7.622887e+00    1.273676e+01
  7.638172e+00    1.333699e+01
  7.653457e+00    1.461386e+01
  7.668742e+00    1.814247e+01
  7.684027e+00    3.010206e+01
  7.699312e+00    5.626126e+01
  7.714597e+00    7.476000e+01
  7.729882e+00    6.168999e+01
  7.745167e+00    3.435896e+01
  7.760452e+00    1.937380e+01
  7.775737e+00    1.487784e+01
  7.791022e+00    1.343745e+01
  7.806307e+00    1.284780e+01
  7.821592e+00    1.251234e+01
  7.836877e+00    1.229815e+01
  7.852162e+00    1.214079e+01
  7.867447e+00    1.206126e+01
  7.882732e+00    1.203132e+01
  7.898017e+00    1.199830e+01
  7.913302e+00    1.195398e+01
  7.928588e+00    1.194487e+01
  7.943873e+00    1.192358e+01
  7.959158e+00    1.190582e+01
  7.974443e+00    1.191204e+01
  7.989728e+00    1.190639e+01
  8.005013e+00    1.189286e+01
  8.020298e+00    1.192893e+01
  8.035583e+00    1.195823e+01
  8.050868e+00    1.196479e+01
  8.066153e+00    1.196121e+01
  8.081438e+00    1.201084e+01
  8.096723e+00    1.204993e+01
  8.112008e+00    1.207943e+01
  8.127293e+00    1.212220e+01
  8.142578e+00    1.216388e+01
  8.157863e+00    1.212286e+01
  8.173148e+00    1.222662e+01
  8.188433e+00    1.227818e+01
  8.203718e+00    1.237106e+01
  8.219003e+00    1.249274e+01
  8.234289e+00    1.264203e+01
  8.249574e+00    1.283507e+01
  8.264859e+00    1.304173e+01
  8.280144e+00    1.334272e+01
  8.295429e+00    1.381773e+01
  8.310714e+00    1.453994e+01
  8.325999e+00    1.575496e+01
  8.341284e+00    1.814422e+01
  8.356569e+00    2.382956e+01
  8.371854e+00    4.092529e+01
  8.387139e+00    8.538815e+01
  8.402424e+00    1.373023e+02
  8.417709e+00    1.366003e+02
  8.432994e+00    8.401797e+01
  8.448279e+00    4.023186e+01
  8.463564e+00    2.368532e+01
  8.478849e+00    1.839220e+01
  8.494134e+00    1.629941e+01
  8.509419e+00    1.541735e+01
  8.524704e+00    1.515769e+01
  8.539990e+00    1.539341e+01
  8.555275e+00    1.625924e+01
  8.570560e+00    1.871515e+01
  8.585845e+00    2.622052e+01
  8.601130e+00    4.880622e+01
  8.616415e+00    8.562442e+01
  8.631700e+00    9.927673e+01
  8.646985e+00    7.147774e+01
  8.662270e+00    3.708264e+01
  8.677555e+00    2.148640e+01
  8.692840e+00    1.653598e+01
  8.708125e+00    1.468153e+01
  8.723410e+00    1.380093e+01
  8.738695e+00    1.328900e+01
  8.753980e+00    1.297798e+01
  8.769265e+00    1.274388e+01
  8.784550e+00    1.256955e+01
  8.799835e+00    1.245025e+01
  8.815120e+00    1.235254e+01
  8.830406e+00    1.228629e+01
  8.845691e+00    1.222512e+01
  8.860976e+00    1.215445e+01
  8.876261e+00    1.211877e+01
  8.891546e+00    1.210033e+01
  8.906831e+00    1.204879e+01
  8.922116e+00    1.201796e+01
  8.937401e+00    1.202059e+01
  8.952686e+00    1.195128e+01
  8.967971e+00    1.193628e+01
  8.983256e+00    1.192963e+01
  8.998541e+00    1.192989e+01
  9.013826e+00    1.193384e+01
  9.029111e+00    1.193207e+01
  9.044396e+00    1.190985e+01
  9.059681e+00    1.191336e+01
  9.074966e+00    1.190409e+01
  9.090251e+00    1.190651e+01
  9.105536e+00    1.191117e+01
  9.120821e+00    1.190565e+01
  9.136107e+00    1.195403e+01
  9.151392e+00    1.197013e+01
  9.166677e+00    1.199579e+01
  9.181962e+00    1.203645e+01
  9.197247e+00    1.208258e+01
  9.212532e+00    1.212256e+01
  9.227817e+00    1.217004e+01
  9.243102e+00    1.223159e+01
  9.258387e+00    1.230423e+01
  9.273672e+00    1.242283e+01
  9.288957e+00    1.255571e+01
  9.304242e+00    1.275216e+01
  9.319527e+00    1.299307e+01
  9.334812e+00    1.337250e+01
  9.350097e+00    1.392621e+01
  9.365382e+00    1.487672e+01
  9.380667e+00    1.665681e+01
  9.395952e+00    2.060022e+01
  9.411237e+00    3.145556e+01
  9.426522e+00    6.219960e+01
  9.441808e+00    1.113309e+02
  9.457093e+00    1.305623e+02
  9.472378e+00    9.382857e+01
  9.487663e+00    4.739517e+01
  9.502948e+00    2.553475e+01
  9.518233e+00    1.836927e+01
  9.533518e+00    1.564656e+01
  9.548803e+00    1.428874e+01
  9.564088e+00    1.350718e+01
  9.579373e+00    1.307193e+01
  9.594658e+00    1.277680e+01
  9.609943e+00    1.258551e+01
  9.625228e+00    1.243119e+01
  9.640513e+00    1.229749e+01
  9.655798e+00    1.221259e+01
  9.671083e+00    1.216978e+01
  9.686368e+00    1.211534e+01
  9.701653e+00    1.208136e+01
  9.716938e+00    1.204277e+01
  9.732224e+00    1.202421e+01
  9.747509e+00    1.204780e+01
  9.762794e+00    1.203830e+01
  9.778079e+00    1.202362e+01
  9.793364e+00    1.204068e+01
  9.808649e+00    1.207405e+01
  9.823934e+00    1.211354e+01
  9.839219e+00    1.215993e+01
  9.854504e+00    1.225362e+01
  9.869789e+00    1.238319e+01
  9.885074e+00    1.254763e+01
  9.900359e+00    1.276147e+01
  9.915644e+00    1.311556e+01
  9.930929e+00    1.368632e+01
  9.946214e+00    1.461644e+01
  9.961499e+00    1.649092e+01
  9.976784e+00    2.109778e+01
  9.992069e+00    3.487942e+01
  1.000735e+01    6.858481e+01
  1.002264e+01    1.063007e+02
  1.003792e+01    1.035730e+02
  1.005321e+01    6.349155e+01
  1.006849e+01    3.173001e+01
  1.008378e+01    1.977070e+01
  1.009906e+01    1.583839e+01
  1.011435e+01    1.417033e+01
  1.012963e+01    1.333910e+01
  1.014492e+01    1.284939e+01
  1.016020e+01    1.252926e+01
  1.017549e+01    1.230548e+01
  1.019078e+01    1.214007e+01
  1.020606e+01    1.201823e+01
  1.022135e+01    1.193878e+01
  1.023663e+01    1.185344e+01
  1.025192e+01    1.176718e+01
  1.026720e+01    1.175692e+01
  1.028249e+01    1.168088e+01
  1.029777e+01    1.163125e+01
  1.031306e+01    1.160373e+01
  1.032834e+01    1.157582e+01
  1.034363e+01    1.155139e+01
  1.035891e+01    1.152437e+01
  1.037420e+01    1.150107e+01
  1.038948e+01    1.148406e+01
  1.040477e+01    1.149357e+01
  1.042005e+01    1.148257e+01
  1.043534e+01    1.145107e+01
  1.045062e+01    1.147249e+01
  1.046591e+01    1.147135e+01
  1.048119e+01    1.145424e+01
  1.049648e+01    1.144106e+01
  1.051176e+01    1.143727e+01
  1.052705e+01    1.144262e+01
  1.054233e+01    1.147042e+01
  1.055762e+01    1.147677e+01
  1.057290e+01    1.146515e+01
  1.058819e+01    1.144971e+01
  1.060347e+01    1.146144e+01
  1.061876e+01    1.148592e+01
  1.063404e+01    1.152397e+01
  1.064933e+01    1.153568e+01
  1.066461e+01    1.153336e+01
  1.067990e+01    1.155406e+01
  1.069518e+01    1.159757e+01
  1.071047e+01    1.161638e+01
  1.072575e+01    1.165410e+01
  1.074104e+01    1.166910e+01
  1.075632e+01    1.171400e+01
  1.077161e+01    1.181177e+01
  1.078689e+01    1.189463e+01
  1.080218e+01    1.203194e+01
  1.081746e+01    1.224254e+01
  1.083275e+01    1.254957e+01
  1.084803e+01    1.309021e+01
  1.086332e+01    1.427722e+01
  1.087860e+01    1.737891e+01
  1.089389e+01    2.581439e+01
  1.090917e+01    4.011945e+01
  1.092446e+01    4.748676e+01
  1.093974e+01    3.738679e+01
  1.095503e+01    2.310086e+01
  1.097031e+01    1.616799e+01
  1.098560e+01    1.386894e+01
  1.100088e+01    1.296044e+01
  1.101617e+01    1.252767e+01
  1.103145e+01    1.229931e+01
  1.104674e+01    1.220676e+01
  1.106202e+01    1.211104e+01
  1.107731e+01    1.204823e+01
  1.109259e+01    1.201336e+01
  1.110788e+01    1.199467e+01
  1.112316e+01    1.200004e+01
  1.113845e+01    1.202074e+01
  1.115373e+01    1.204929e+01
  1.116902e+01    1.207763e+01
  1.118430e+01    1.213093e+01
  1.119959e+01    1.218477e+01
  1.121487e+01    1.224567e+01
  1.123016e+01    1.234025e+01
  1.124544e+01    1.245168e+01
  1.126073e+01    1.258334e+01
  1.127601e+01    1.275751e+01
  1.129130e+01    1.301464e+01
  1.130658e+01    1.339137e+01
  1.132187e+01    1.392696e+01
  1.133715e+01    1.482630e+01
  1.135244e+01    1.643228e+01
  1.136772e+01    1.996571e+01
  1.138301e+01    2.959232e+01
  1.139829e+01    5.518767e+01
  1.141358e+01    9.402198e+01
  1.142886e+01    1.060224e+02
  1.144415e+01    7.398570e+01
  1.145943e+01    3.874197e+01
  1.147472e+01    2.327052e+01
  1.149000e+01    1.826804e+01
  1.150529e+01    1.658885e+01
  1.152057e+01    1.640814e+01
  1.153586e+01    1.797208e+01
  1.155114e+01    2.372427e+01
  1.156643e+01    3.784756e+01
  1.158171e+01    5.314686e+01
  1.159700e+01    5.059775e+01
  1.161228e+01    3.341238e+01
  1.162757e+01    2.067062e+01
  1.164285e+01    1.582290e+01
  1.165814e+01    1.409005e+01
  1.167342e+01    1.331463e+01
  1.168871e+01    1.282402e+01
  1.170400e+01    1.258365e+01
  1.171928e+01    1.238262e+01
  1.173457e+01    1.225711e+01
  1.174985e+01    1.212825e+01
  1.176514e+01    1.204659e+01
  1.178042e+01    1.198343e+01
  1.179571e+01    1.193984e+01
  1.181099e+01    1.194760e+01
  1.182628e+01    1.190448e+01
  1.184156e+01    1.187334e+01
  1.185685e+01    1.185716e+01
  1.187213e+01    1.181757e+01
  1.188742e+01    1.178497e+01
  1.190270e+01    1.176310e+01
  1.191799e+01    1.175034e+01
  1.193327e+01    1.175528e+01
  1.194856e+01    1.177774e+01
  1.196384e+01    1.174990e+01
  1.197913e+01    1.173692e+01
  1.199441e+01    1.175727e+01
  1.200970e+01    1.178341e+01
  1.202498e+01    1.184464e+01
  1.204027e+01    1.189923e+01
  1.205555e+01    1.194642e+01
  1.207084e+01    1.203547e+01
  1.208612e+01    1.212761e+01
  1.210141e+01    1.231752e+01
  1.211669e+01    1.257039e+01
  1.213198e+01    1.301742e+01
  1.214726e+01    1.393988e+01
  1.216255e+01    1.606819e+01
  1.217783e+01    2.202221e+01
  1.219312e+01    3.688896e+01
  1.220840e+01    5.541284e+01
  1.222369e+01    5.657561e+01
  1.223897e+01    3.865324e+01
  1.225426e+01    2.265782e+01
  1.226954e+01    1.612767e+01
  1.228483e+01    1.390790e+01
  1.230011e+01    1.298930e+01
  1.231540e+01    1.251398e+01
  1.233068e+01    1.225820e+01
  1.234597e+01    1.212247e+01
  1.236125e+01    1.199339e+01
  1.237654e+01    1.190835e+01
  1.239182e+01    1.185338e+01
  1.240711e+01    1.179456e+01
  1.242239e+01    1.176053e+01
  1.243768e+01    1.177093e+01
  1.245296e+01    1.181389e+01
  1.246825e+01    1.179512e+01
  1.248353e+01    1.181882e+01
  1.249882e+01    1.183499e+01
  1.251410e+01    1.190436e+01
  1.252939e+01    1.195220e+01
  1.254467e+01    1.207381e+01
  1.255996e+01    1.227761e+01
  1.257524e+01    1.251493e+01
  1.259053e+01    1.300180e+01
  1.260581e+01    1.389842e+01
  1.262110e+01    1.620484e+01
  1.263638e+01    2.240388e+01
  1.265167e+01    3.399373e+01
  1.266695e+01    4.245948e+01
  1.268224e+01    3.717286e+01
  1.269752e+01    2.501112e+01
  1.271281e+01    1.741162e+01
  1.272809e+01    1.476011e+01
  1.274338e+01    1.409305e+01
  1.275866e+01    1.446655e+01
  1.277395e+01    1.658098e+01
  1.278923e+01    2.269916e+01
  1.280452e+01    3.163994e+01
  1.281980e+01    3.436359e+01
  1.283509e+01    2.703722e+01
  1.285037e+01    1.848783e+01
  1.286566e+01    1.437276e+01
  1.288094e+01    1.297793e+01
  1.289623e+01    1.235015e+01
  1.291151e+01    1.202366e+01
  1.292680e+01    1.185773e+01
  1.294208e+01    1.170457e+01
  1.295737e+01    1.163230e+01
  1.297265e+01    1.162869e+01
  1.298794e+01    1.159263e+01
  1.300322e+01    1.155468e+01
  1.301851e+01    1.149345e+01
  1.303379e+01    1.142166e+01
  1.304908e+01    1.146193e+01
  1.306436e+01    1.140917e+01
  1.307965e+01    1.141057e+01
  1.309493e+01    1.142142e+01
  1.311022e+01    1.140784e+01
  1.312550e+01    1.138919e+01
  1.314079e+01    1.138609e+01
  1.315607e+01    1.136712e+01
  1.317136e+01    1.141859e+01
  1.318664e+01    1.138870e+01
  1.320193e+01    1.143156e+01
  1.321722e+01    1.142530e+01
  1.323250e+01    1.144971e+01
  1.324779e+01    1.148096e+01
  1.326307e+01    1.143691e+01
  1.327836e+01    1.151333e+01
  1.329364e+01    1.163061e+01
  1.330893e+01    1.181882e+01
  1.332421e+01    1.215623e+01
  1.333950e+01    1.284315e+01
  1.335478e+01    1.475021e+01
  1.337007e+01    1.847134e+01
  1.338535e+01    2.152259e+01
  1.340064e+01    2.029523e+01
  1.341592e+01    1.632034e+01
  1.343121e+01    1.351089e+01
  1.344649e+01    1.240447e+01
  1.346178e+01    1.195267e+01
  1.347706e+01    1.177986e+01
  1.349235e+01    1.165306e+01
  1.350763e+01    1.160652e+01
  1.352292e+01    1.164615e+01
  1.353820e+01    1.163885e+01
  1.355349e+01    1.160951e+01
  1.356877e+01    1.171335e+01
  1.358406e+01    1.167696e+01
  1.359934e+01    1.168611e+01
  1.361463e+01    1.181712e+01
  1.362991e+01    1.185324e+01
  1.364520e+01    1.188251e+01
  1.366048e+01    1.203094e+01
  1.367577e+01    1.223016e+01
  1.369105e+01    1.237595e+01
  1.370634e+01    1.279523e+01
  1.372162e+01    1.336691e+01
  1.373691e+01    1.453980e+01
  1.375219e+01    1.725794e+01
  1.376748e+01    2.478990e+01
  1.378276e+01    4.037241e+01
  1.379805e+01    5.493181e+01
  1.381333e+01    5.173560e+01
  1.382862e+01    3.492042e+01
  1.384390e+01    2.166665e+01
  1.385919e+01    1.654250e+01
  1.387447e+01    1.506081e+01
  1.388976e+01    1.543183e+01
  1.390504e+01    1.806816e+01
  1.392033e+01    2.364307e+01
  1.393561e+01    2.797011e+01
  1.395090e+01    2.591234e+01
  1.396618e+01    1.966475e+01
  1.398147e+01    1.507836e+01
  1.399675e+01    1.333195e+01
  1.401204e+01    1.264584e+01
  1.402732e+01    1.228920e+01
  1.404261e+01    1.210325e+01
  1.405789e+01    1.204630e+01
  1.407318e+01    1.193570e+01
  1.408846e+01    1.185954e+01
  1.410375e+01    1.185919e+01
  1.411903e+01    1.183638e+01
  1.413432e+01    1.176019e+01
  1.414960e+01    1.182614e+01
  1.416489e+01    1.184363e+01
  1.418017e+01    1.174355e+01
  1.419546e+01    1.175733e+01
  1.421074e+01    1.176259e+01
  1.422603e+01    1.176564e+01
  1.424131e+01    1.184670e+01
  1.425660e+01    1.191249e+01
  1.427188e+01    1.194141e+01
  1.428717e+01    1.197175e+01
  1.430245e+01    1.207115e+01
  1.431774e+01    1.221389e+01
  1.433302e+01    1.230712e+01
  1.434831e+01    1.251568e+01
  1.436359e+01    1.275159e+01
  1.437888e+01    1.328794e+01
  1.439416e+01    1.422887e+01
  1.440945e+01    1.611108e+01
  1.442473e+01    2.090155e+01
  1.444002e+01    3.257391e+01
  1.445530e+01    4.956528e+01
  1.447059e+01    5.651940e+01
  1.448587e+01    4.524648e+01
  1.450116e+01    2.827434e+01
  1.451644e+01    1.878050e+01
  1.453173e+01    1.524610e+01
  1.454701e+01    1.391709e+01
  1.456230e+01    1.317159e+01
  1.457758e+01    1.273198e+01
  1.459287e+01    1.252049e+01
  1.460815e+01    1.238065e+01
  1.462344e+01    1.230616e+01
  1.463872e+01    1.218012e+01
  1.465401e+01    1.214652e+01
  1.466929e+01    1.214463e+01
  1.468458e+01    1.221982e+01
  1.469986e+01    1.233339e+01
  1.471515e+01    1.247042e+01
  1.473044e+01    1.253705e+01
  1.474572e+01    1.280262e+01
  1.476101e+01    1.326251e+01
  1.477629e+01    1.400349e+01
  1.479158e+01    1.572702e+01
  1.480686e+01    1.989660e+01
  1.482215e+01    3.076748e+01
  1.483743e+01    4.863265e+01
  1.485272e+01    5.973714e+01
  1.486800e+01    5.108458e+01
  1.488329e+01    3.269557e+01
  1.489857e+01    2.055858e+01
  1.491386e+01    1.581359e+01
  1.492914e+01    1.395150e+01
  1.494443e+01    1.304371e+01
  1.495971e+01    1.250032e+01
  1.497500e+01    1.233362e+01
  1.499028e+01    1.211568e+01
  1.500557e+01    1.188151e+01
  1.502085e+01    1.176276e+01
  1.503614e+01    1.170739e+01
  1.505142e+01    1.175174e+01
  1.506671e+01    1.160190e+01
  1.508199e+01    1.167222e+01
  1.509728e+01    1.148302e+01
  1.511256e+01    1.140777e+01
  1.512785e+01    1.139765e+01
  1.514313e+01    1.141268e+01
  1.515842e+01    1.134692e+01
  1.517370e+01    1.131678e+01
  1.518899e+01    1.132855e+01
  1.520427e+01    1.124712e+01
  1.521956e+01    1.123919e+01
  1.523484e+01    1.127472e+01
  1.525013e+01    1.130648e+01
  1.526541e+01    1.116493e+01
  1.528070e+01    1.126648e+01
  1.529598e+01    1.112419e+01
  1.531127e+01    1.133412e+01
  1.532655e+01    1.135214e+01
  1.534184e+01    1.153303e+01
  1.535712e+01    1.151540e+01
  1.537241e+01    1.141843e+01
  1.538769e+01    1.139382e+01
  1.540298e+01    1.165245e+01
  1.541826e+01    1.177839e+01
  1.543355e+01    1.229263e+01
  1.544883e+01    1.367052e+01
  1.546412e+01    1.571443e+01
  1.547940e+01    1.634454e+01
  1.549469e+01    1.515859e+01
  1.550997e+01    1.324863e+01
  1.552526e+01    1.212459e+01
  1.554054e+01    1.183926e+01
  1.555583e+01    1.173573e+01
  1.557111e+01    1.162626e+01
  1.558640e+01    1.184272e+01
  1.560168e+01    1.180534e+01
  1.561697e+01    1.183792e+01
  1.563225e+01    1.180233e+01
  1.564754e+01    1.193039e+01
  1.566282e+01    1.172703e+01
  1.567811e+01    1.177141e+01
  1.569339e+01    1.159772e+01
  1.570868e+01    1.165398e+01
  1.572396e+01    1.156767e+01
  1.573925e+01    1.187552e+01
  1.575453e+01    1.210780e+01
  1.576982e+01    1.282357e+01
  1.578510e+01    1.334532e+01
  1.580039e+01    1.502011e+01
