# {
#     "poni_version": 2.1,
#     "detector": "Dexela2923",
#     "detector_config": {
#         "pixel1": 7.5e-05,
#         "pixel2": 7.5e-05,
#         "orientation": 3
#     },
#     "dist": 0.7729163652097074,
#     "poni1": 0.15023228379054998,
#     "poni2": 0.13162955346626973,
#     "rot1": -0.03463361979894058,
#     "rot2": -0.0014763885094713292,
#     "rot3": -7.645244767931508e-10,
#     "wavelength": 1.82e-11
# }
# Mask applied: user provided
# Dark current applied: False
# Flat field applied: False
# Polarization factor: None
# Normalization factor: 1.0
# --> integrated_LaB6.dat
#       2th_deg             I 
  4.073751e-01    1.190995e+01
  4.227835e-01    1.224191e+01
  4.381919e-01    1.270290e+01
  4.536002e-01    1.365280e+01
  4.690086e-01    1.506707e+01
  4.844169e-01    1.715012e+01
  4.998253e-01    1.931064e+01
  5.152337e-01    2.115750e+01
  5.306420e-01    2.205563e+01
  5.460504e-01    2.243183e+01
  5.614587e-01    2.263716e+01
  5.768671e-01    2.279960e+01
  5.922755e-01    2.293294e+01
  6.076838e-01    2.301282e+01
  6.230922e-01    2.298501e+01
  6.385005e-01    2.299609e+01
  6.539089e-01    2.309922e+01
  6.693173e-01    2.311800e+01
  6.847256e-01    2.293176e+01
  7.001340e-01    2.234253e+01
  7.155423e-01    2.189064e+01
  7.309507e-01    2.148310e+01
  7.463591e-01    2.110526e+01
  7.617674e-01    2.070202e+01
  7.771758e-01    2.027020e+01
  7.925841e-01    1.988919e+01
  8.079925e-01    1.947787e+01
  8.234009e-01    1.916893e+01
  8.388092e-01    1.888795e+01
  8.542176e-01    1.861037e+01
  8.696259e-01    1.838754e+01
  8.850343e-01    1.816617e+01
  9.004427e-01    1.797827e+01
  9.158510e-01    1.784340e+01
  9.312594e-01    1.765661e+01
  9.466677e-01    1.747063e+01
  9.620761e-01    1.734470e+01
  9.774845e-01    1.721313e+01
  9.928928e-01    1.704113e+01
  1.008301e+00    1.691695e+01
  1.023710e+00    1.676977e+01
  1.039118e+00    1.665015e+01
  1.054526e+00    1.648007e+01
  1.069935e+00    1.616455e+01
  1.085343e+00    1.620194e+01
  1.100751e+00    1.615962e+01
  1.116160e+00    1.607708e+01
  1.131568e+00    1.599868e+01
  1.146976e+00    1.595483e+01
  1.162385e+00    1.593945e+01
  1.177793e+00    1.594776e+01
  1.193202e+00    1.595959e+01
  1.208610e+00    1.594904e+01
  1.224018e+00    1.596115e+01
  1.239427e+00    1.600515e+01
  1.254835e+00    1.602208e+01
  1.270243e+00    1.605676e+01
  1.285652e+00    1.610240e+01
  1.301060e+00    1.616997e+01
  1.316468e+00    1.620815e+01
  1.331877e+00    1.624364e+01
  1.347285e+00    1.625542e+01
  1.362693e+00    1.624776e+01
  1.378102e+00    1.625433e+01
  1.393510e+00    1.628110e+01
  1.408919e+00    1.631934e+01
  1.424327e+00    1.630592e+01
  1.439735e+00    1.632678e+01
  1.455144e+00    1.636688e+01
  1.470552e+00    1.638733e+01
  1.485960e+00    1.639416e+01
  1.501369e+00    1.643750e+01
  1.516777e+00    1.649039e+01
  1.532185e+00    1.651940e+01
  1.547594e+00    1.654676e+01
  1.563002e+00    1.661629e+01
  1.578411e+00    1.670887e+01
  1.593819e+00    1.677629e+01
  1.609227e+00    1.686222e+01
  1.624636e+00    1.696078e+01
  1.640044e+00    1.705276e+01
  1.655452e+00    1.713746e+01
  1.670861e+00    1.721692e+01
  1.686269e+00    1.734573e+01
  1.701677e+00    1.747315e+01
  1.717086e+00    1.760463e+01
  1.732494e+00    1.773073e+01
  1.747902e+00    1.786371e+01
  1.763311e+00    1.802706e+01
  1.778719e+00    1.815504e+01
  1.794128e+00    1.829357e+01
  1.809536e+00    1.839265e+01
  1.824944e+00    1.853119e+01
  1.840353e+00    1.871852e+01
  1.855761e+00    1.886135e+01
  1.871169e+00    1.899443e+01
  1.886578e+00    1.912983e+01
  1.901986e+00    1.927894e+01
  1.917394e+00    1.942548e+01
  1.932803e+00    1.950220e+01
  1.948211e+00    1.962511e+01
  1.963620e+00    1.974885e+01
  1.979028e+00    1.982902e+01
  1.994436e+00    1.989613e+01
  2.009845e+00    1.997082e+01
  2.025253e+00    2.002019e+01
  2.040661e+00    2.006406e+01
  2.056070e+00    2.009850e+01
  2.071478e+00    2.012174e+01
  2.086886e+00    2.010935e+01
  2.102295e+00    2.010572e+01
  2.117703e+00    2.009939e+01
  2.133111e+00    2.007245e+01
  2.148520e+00    2.003050e+01
  2.163928e+00    1.997620e+01
  2.179337e+00    1.992176e+01
  2.194745e+00    1.983532e+01
  2.210153e+00    1.977020e+01
  2.225562e+00    1.967148e+01
  2.240970e+00    1.957693e+01
  2.256378e+00    1.947767e+01
  2.271787e+00    1.936032e+01
  2.287195e+00    1.923064e+01
  2.302603e+00    1.911137e+01
  2.318012e+00    1.901105e+01
  2.333420e+00    1.888225e+01
  2.348829e+00    1.875812e+01
  2.364237e+00    1.865474e+01
  2.379645e+00    1.856329e+01
  2.395054e+00    1.848422e+01
  2.410462e+00    1.844814e+01
  2.425870e+00    1.850313e+01
  2.441279e+00    1.885093e+01
  2.456687e+00    2.020015e+01
  2.472095e+00    2.696291e+01
  2.487504e+00    7.863509e+01
  2.502912e+00    1.708002e+02
  2.518320e+00    1.549819e+02
  2.533729e+00    5.789029e+01
  2.549137e+00    2.321665e+01
  2.564546e+00    1.857394e+01
  2.579954e+00    1.729059e+01
  2.595362e+00    1.678444e+01
  2.610771e+00    1.650887e+01
  2.626179e+00    1.628793e+01
  2.641587e+00    1.609355e+01
  2.656996e+00    1.591014e+01
  2.672404e+00    1.575822e+01
  2.687812e+00    1.562677e+01
  2.703221e+00    1.549221e+01
  2.718629e+00    1.535037e+01
  2.734038e+00    1.521288e+01
  2.749446e+00    1.508614e+01
  2.764854e+00    1.497703e+01
  2.780263e+00    1.486141e+01
  2.795671e+00    1.473466e+01
  2.811079e+00    1.463810e+01
  2.826488e+00    1.453381e+01
  2.841896e+00    1.443437e+01
  2.857304e+00    1.433161e+01
  2.872713e+00    1.424077e+01
  2.888121e+00    1.415034e+01
  2.903529e+00    1.406837e+01
  2.918938e+00    1.397272e+01
  2.934346e+00    1.389468e+01
  2.949755e+00    1.382609e+01
  2.965163e+00    1.373933e+01
  2.980571e+00    1.366772e+01
  2.995980e+00    1.359671e+01
  3.011388e+00    1.351663e+01
  3.026796e+00    1.343439e+01
  3.042205e+00    1.335415e+01
  3.057613e+00    1.328515e+01
  3.073021e+00    1.321564e+01
  3.088430e+00    1.314315e+01
  3.103838e+00    1.308808e+01
  3.119247e+00    1.299303e+01
  3.134655e+00    1.292377e+01
  3.150063e+00    1.286294e+01
  3.165472e+00    1.277497e+01
  3.180880e+00    1.271361e+01
  3.196288e+00    1.264159e+01
  3.211697e+00    1.257323e+01
  3.227105e+00    1.251901e+01
  3.242513e+00    1.243802e+01
  3.257922e+00    1.238344e+01
  3.273330e+00    1.232435e+01
  3.288738e+00    1.228298e+01
  3.304147e+00    1.224069e+01
  3.319555e+00    1.217766e+01
  3.334964e+00    1.213587e+01
  3.350372e+00    1.208783e+01
  3.365780e+00    1.206272e+01
  3.381189e+00    1.203550e+01
  3.396597e+00    1.203646e+01
  3.412005e+00    1.205302e+01
  3.427414e+00    1.212727e+01
  3.442822e+00    1.226873e+01
  3.458230e+00    1.243924e+01
  3.473639e+00    1.292252e+01
  3.489047e+00    1.442157e+01
  3.504456e+00    2.023456e+01
  3.519864e+00    6.082338e+01
  3.535272e+00    2.195797e+02
  3.550681e+00    3.029975e+02
  3.566089e+00    1.683073e+02
  3.581497e+00    3.778954e+01
  3.596906e+00    1.699445e+01
  3.612314e+00    1.325521e+01
  3.627722e+00    1.207153e+01
  3.643131e+00    1.162362e+01
  3.658539e+00    1.137661e+01
  3.673948e+00    1.119184e+01
  3.689356e+00    1.104854e+01
  3.704764e+00    1.094464e+01
  3.720173e+00    1.085224e+01
  3.735581e+00    1.077395e+01
  3.750989e+00    1.069886e+01
  3.766398e+00    1.064188e+01
  3.781806e+00    1.056272e+01
  3.797214e+00    1.050294e+01
  3.812623e+00    1.045050e+01
  3.828031e+00    1.040328e+01
  3.843439e+00    1.034841e+01
  3.858848e+00    1.029218e+01
  3.874256e+00    1.025705e+01
  3.889665e+00    1.022696e+01
  3.905073e+00    1.015154e+01
  3.920481e+00    1.010891e+01
  3.935890e+00    1.006932e+01
  3.951298e+00    1.003609e+01
  3.966706e+00    1.000259e+01
  3.982115e+00    9.977973e+00
  3.997523e+00    9.966492e+00
  4.012931e+00    9.926556e+00
  4.028340e+00    9.911529e+00
  4.043748e+00    9.898524e+00
  4.059157e+00    9.879847e+00
  4.074565e+00    9.876564e+00
  4.089973e+00    9.868073e+00
  4.105382e+00    9.832162e+00
  4.120790e+00    9.829207e+00
  4.136198e+00    9.817902e+00
  4.151607e+00    9.812722e+00
  4.167015e+00    9.807364e+00
  4.182423e+00    9.813113e+00
  4.197832e+00    9.829739e+00
  4.213240e+00    9.853846e+00
  4.228648e+00    9.892414e+00
  4.244057e+00    9.974059e+00
  4.259465e+00    1.010493e+01
  4.274874e+00    1.039394e+01
  4.290282e+00    1.128825e+01
  4.305690e+00    1.508912e+01
  4.321099e+00    4.376399e+01
  4.336507e+00    1.135545e+02
  4.351915e+00    1.219474e+02
  4.367324e+00    5.627740e+01
  4.382732e+00    1.728531e+01
  4.398140e+00    1.150959e+01
  4.413549e+00    1.031687e+01
  4.428957e+00    9.912008e+00
  4.444366e+00    9.780535e+00
  4.459774e+00    9.686461e+00
  4.475182e+00    9.611546e+00
  4.490591e+00    9.546474e+00
  4.505999e+00    9.501745e+00
  4.521407e+00    9.466427e+00
  4.536816e+00    9.428308e+00
  4.552224e+00    9.394536e+00
  4.567632e+00    9.379751e+00
  4.583041e+00    9.340772e+00
  4.598449e+00    9.303390e+00
  4.613857e+00    9.273805e+00
  4.629266e+00    9.228883e+00
  4.644674e+00    9.203298e+00
  4.660083e+00    9.182887e+00
  4.675491e+00    9.166106e+00
  4.690899e+00    9.151180e+00
  4.706308e+00    9.133881e+00
  4.721716e+00    9.127330e+00
  4.737124e+00    9.099351e+00
  4.752533e+00    9.087304e+00
  4.767941e+00    9.084809e+00
  4.783349e+00    9.084443e+00
  4.798758e+00    9.057862e+00
  4.814166e+00    9.035702e+00
  4.829575e+00    9.047029e+00
  4.844983e+00    9.033328e+00
  4.860391e+00    9.049854e+00
  4.875800e+00    9.071188e+00
  4.891208e+00    9.059643e+00
  4.906616e+00    9.067254e+00
  4.922025e+00    9.094756e+00
  4.937433e+00    9.185916e+00
  4.952841e+00    9.402040e+00
  4.968250e+00    1.014131e+01
  4.983658e+00    1.391934e+01
  4.999066e+00    3.807463e+01
  5.014475e+00    7.529247e+01
  5.029883e+00    6.708238e+01
  5.045292e+00    2.552690e+01
  5.060700e+00    1.157845e+01
  5.076108e+00    9.656833e+00
  5.091517e+00    9.167301e+00
  5.106925e+00    9.000845e+00
  5.122333e+00    8.926920e+00
  5.137742e+00    8.897916e+00
  5.153150e+00    8.894293e+00
  5.168558e+00    8.825543e+00
  5.183967e+00    8.773180e+00
  5.199375e+00    8.744493e+00
  5.214784e+00    8.726456e+00
  5.230192e+00    8.702963e+00
  5.245600e+00    8.680623e+00
  5.261009e+00    8.671777e+00
  5.276417e+00    8.643887e+00
  5.291825e+00    8.637712e+00
  5.307234e+00    8.610040e+00
  5.322642e+00    8.578032e+00
  5.338050e+00    8.548754e+00
  5.353459e+00    8.551530e+00
  5.368867e+00    8.559908e+00
  5.384275e+00    8.544066e+00
  5.399684e+00    8.541241e+00
  5.415092e+00    8.543869e+00
  5.430501e+00    8.536111e+00
  5.445909e+00    8.537234e+00
  5.461317e+00    8.565730e+00
  5.476726e+00    8.565786e+00
  5.492134e+00    8.590932e+00
  5.507542e+00    8.671338e+00
  5.522951e+00    8.795547e+00
  5.538359e+00    9.123425e+00
  5.553767e+00    1.003486e+01
  5.569176e+00    1.379322e+01
  5.584584e+00    4.054114e+01
  5.599993e+00    1.233581e+02
  5.615401e+00    1.543322e+02
  5.630809e+00    7.994377e+01
  5.646218e+00    2.103831e+01
  5.661626e+00    1.101871e+01
  5.677034e+00    9.213480e+00
  5.692443e+00    8.665204e+00
  5.707851e+00    8.447996e+00
  5.723259e+00    8.319579e+00
  5.738668e+00    8.230685e+00
  5.754076e+00    8.164184e+00
  5.769484e+00    8.120280e+00
  5.784893e+00    8.070910e+00
  5.800301e+00    8.026608e+00
  5.815710e+00    8.001505e+00
  5.831118e+00    7.963801e+00
  5.846526e+00    7.933619e+00
  5.861935e+00    7.926031e+00
  5.877343e+00    7.900398e+00
  5.892751e+00    7.872526e+00
  5.908160e+00    7.874700e+00
  5.923568e+00    7.855582e+00
  5.938976e+00    7.847958e+00
  5.954385e+00    7.837131e+00
  5.969793e+00    7.845039e+00
  5.985202e+00    7.831889e+00
  6.000610e+00    7.836255e+00
  6.016018e+00    7.849287e+00
  6.031427e+00    7.866897e+00
  6.046835e+00    7.917411e+00
  6.062243e+00    7.985060e+00
  6.077652e+00    8.199938e+00
  6.093060e+00    8.832642e+00
  6.108468e+00    1.180797e+01
  6.123877e+00    3.234354e+01
  6.139285e+00    7.698832e+01
  6.154693e+00    8.106429e+01
  6.170102e+00    3.592503e+01
  6.185510e+00    1.232690e+01
  6.200919e+00    8.820342e+00
  6.216327e+00    8.103888e+00
  6.231735e+00    7.864902e+00
  6.247144e+00    7.754063e+00
  6.262552e+00    7.687906e+00
  6.277960e+00    7.648829e+00
  6.293369e+00    7.610517e+00
  6.308777e+00    7.591105e+00
  6.324185e+00    7.574673e+00
  6.339594e+00    7.543548e+00
  6.355002e+00    7.536345e+00
  6.370411e+00    7.520112e+00
  6.385819e+00    7.499722e+00
  6.401227e+00    7.493705e+00
  6.416636e+00    7.479144e+00
  6.432044e+00    7.461474e+00
  6.447452e+00    7.440721e+00
  6.462861e+00    7.432526e+00
  6.478269e+00    7.420250e+00
  6.493677e+00    7.417739e+00
  6.509086e+00    7.426219e+00
  6.524494e+00    7.409358e+00
  6.539903e+00    7.395835e+00
  6.555311e+00    7.378851e+00
  6.570719e+00    7.373628e+00
  6.586128e+00    7.369499e+00
  6.601536e+00    7.368698e+00
  6.616944e+00    7.356641e+00
  6.632353e+00    7.359085e+00
  6.647761e+00    7.353078e+00
  6.663169e+00    7.326808e+00
  6.678578e+00    7.324196e+00
  6.693986e+00    7.315473e+00
  6.709394e+00    7.315403e+00
  6.724803e+00    7.318513e+00
  6.740211e+00    7.283692e+00
  6.755620e+00    7.279138e+00
  6.771028e+00    7.279708e+00
  6.786436e+00    7.296335e+00
  6.801845e+00    7.297067e+00
  6.817253e+00    7.285267e+00
  6.832661e+00    7.292170e+00
  6.848070e+00    7.297217e+00
  6.863478e+00    7.296062e+00
  6.878886e+00    7.295934e+00
  6.894295e+00    7.304387e+00
  6.909703e+00    7.321446e+00
  6.925112e+00    7.307197e+00
  6.940520e+00    7.306083e+00
  6.955928e+00    7.311360e+00
  6.971337e+00    7.321118e+00
  6.986745e+00    7.324171e+00
  7.002153e+00    7.356988e+00
  7.017562e+00    7.395960e+00
  7.032970e+00    7.511647e+00
  7.048378e+00    7.848096e+00
  7.063787e+00    9.687791e+00
  7.079195e+00    2.050971e+01
  7.094603e+00    3.646632e+01
  7.110012e+00    3.218063e+01
  7.125420e+00    1.506947e+01
  7.140829e+00    8.606119e+00
  7.156237e+00    7.677523e+00
  7.171645e+00    7.465271e+00
  7.187054e+00    7.388124e+00
  7.202462e+00    7.357846e+00
  7.217870e+00    7.344185e+00
  7.233279e+00    7.337650e+00
  7.248687e+00    7.335683e+00
  7.264095e+00    7.328596e+00
  7.279504e+00    7.328325e+00
  7.294912e+00    7.336278e+00
  7.310321e+00    7.340357e+00
  7.325729e+00    7.337333e+00
  7.341137e+00    7.342960e+00
  7.356546e+00    7.366249e+00
  7.371954e+00    7.377542e+00
  7.387362e+00    7.401204e+00
  7.402771e+00    7.422394e+00
  7.418179e+00    7.468727e+00
  7.433587e+00    7.549446e+00
  7.448996e+00    7.686367e+00
  7.464404e+00    8.028398e+00
  7.479812e+00    9.094041e+00
  7.495221e+00    1.519074e+01
  7.510629e+00    4.896917e+01
  7.526038e+00    9.482374e+01
  7.541446e+00    8.121361e+01
  7.556854e+00    3.063230e+01
  7.572263e+00    1.130023e+01
  7.587671e+00    8.465717e+00
  7.603079e+00    7.826148e+00
  7.618488e+00    7.620852e+00
  7.633896e+00    7.527241e+00
  7.649304e+00    7.467559e+00
  7.664713e+00    7.441163e+00
  7.680121e+00    7.421607e+00
  7.695530e+00    7.409633e+00
  7.710938e+00    7.392631e+00
  7.726346e+00    7.381232e+00
  7.741755e+00    7.366107e+00
  7.757163e+00    7.372649e+00
  7.772571e+00    7.379201e+00
  7.787980e+00    7.392671e+00
  7.803388e+00    7.416515e+00
  7.818796e+00    7.446984e+00
  7.834205e+00    7.464436e+00
  7.849613e+00    7.534576e+00
  7.865021e+00    7.685189e+00
  7.880430e+00    8.106743e+00
  7.895838e+00    9.900100e+00
  7.911247e+00    2.212954e+01
  7.926655e+00    5.623074e+01
  7.942063e+00    6.994911e+01
  7.957472e+00    4.117508e+01
  7.972880e+00    1.453654e+01
  7.988288e+00    8.778128e+00
  8.003697e+00    7.843321e+00
  8.019105e+00    7.577365e+00
  8.034513e+00    7.479141e+00
  8.049922e+00    7.432927e+00
  8.065330e+00    7.390401e+00
  8.080739e+00    7.364350e+00
  8.096147e+00    7.350954e+00
  8.111555e+00    7.347061e+00
  8.126964e+00    7.336508e+00
  8.142372e+00    7.325083e+00
  8.157780e+00    7.279183e+00
  8.173189e+00    7.292737e+00
  8.188597e+00    7.306901e+00
  8.204005e+00    7.330862e+00
  8.219414e+00    7.359266e+00
  8.234822e+00    7.393930e+00
  8.250230e+00    7.464617e+00
  8.265639e+00    7.684453e+00
  8.281047e+00    8.540047e+00
  8.296456e+00    1.431555e+01
  8.311864e+00    3.358927e+01
  8.327272e+00    4.723032e+01
  8.342681e+00    3.366036e+01
  8.358089e+00    1.365154e+01
  8.373497e+00    8.441400e+00
  8.388906e+00    7.638397e+00
  8.404314e+00    7.424980e+00
  8.419722e+00    7.357545e+00
  8.435131e+00    7.322433e+00
  8.450539e+00    7.303789e+00
  8.465948e+00    7.272256e+00
  8.481356e+00    7.259627e+00
  8.496764e+00    7.248767e+00
  8.512173e+00    7.251286e+00
  8.527581e+00    7.235838e+00
  8.542989e+00    7.233603e+00
  8.558398e+00    7.227359e+00
  8.573806e+00    7.215709e+00
  8.589214e+00    7.219621e+00
  8.604623e+00    7.225784e+00
  8.620031e+00    7.239170e+00
  8.635439e+00    7.265167e+00
  8.650848e+00    7.389921e+00
  8.666256e+00    8.192614e+00
  8.681665e+00    1.118685e+01
  8.697073e+00    1.388633e+01
  8.712481e+00    1.182628e+01
  8.727890e+00    8.491564e+00
  8.743298e+00    7.421248e+00
  8.758706e+00    7.260220e+00
  8.774115e+00    7.228429e+00
  8.789523e+00    7.200234e+00
  8.804931e+00    7.195370e+00
  8.820340e+00    7.200191e+00
  8.835748e+00    7.185021e+00
  8.851157e+00    7.181957e+00
  8.866565e+00    7.191854e+00
  8.881973e+00    7.197792e+00
  8.897382e+00    7.198391e+00
  8.912790e+00    7.209960e+00
  8.928198e+00    7.215105e+00
  8.943607e+00    7.215770e+00
  8.959015e+00    7.237726e+00
  8.974423e+00    7.281994e+00
  8.989832e+00    7.388232e+00
  9.005240e+00    7.793328e+00
  9.020648e+00    1.036631e+01
  9.036057e+00    2.148465e+01
  9.051465e+00    3.231209e+01
  9.066874e+00    2.635944e+01
  9.082282e+00    1.302783e+01
  9.097690e+00    8.190189e+00
  9.113099e+00    7.469539e+00
  9.128507e+00    7.296240e+00
  9.143915e+00    7.234143e+00
  9.159324e+00    7.208501e+00
  9.174732e+00    7.207604e+00
  9.190140e+00    7.196073e+00
  9.205549e+00    7.189990e+00
  9.220957e+00    7.194149e+00
  9.236366e+00    7.189058e+00
  9.251774e+00    7.209727e+00
  9.267182e+00    7.211447e+00
  9.282591e+00    7.229606e+00
  9.297999e+00    7.274542e+00
  9.313407e+00    7.344674e+00
  9.328816e+00    7.519699e+00
  9.344224e+00    8.101961e+00
  9.359632e+00    1.150334e+01
  9.375041e+00    2.912119e+01
  9.390449e+00    5.450676e+01
  9.405857e+00    5.119915e+01
  9.421266e+00    2.423187e+01
  9.436674e+00    1.019176e+01
  9.452083e+00    7.870945e+00
  9.467491e+00    7.412793e+00
  9.482899e+00    7.262122e+00
  9.498308e+00    7.197704e+00
  9.513716e+00    7.155555e+00
  9.529124e+00    7.130361e+00
  9.544533e+00    7.109718e+00
  9.559941e+00    7.061015e+00
  9.575349e+00    7.058908e+00
  9.590758e+00    7.053521e+00
  9.606166e+00    7.052835e+00
  9.621575e+00    7.046083e+00
  9.636983e+00    7.040192e+00
  9.652391e+00    7.027700e+00
  9.667800e+00    7.027750e+00
  9.683208e+00    7.021287e+00
  9.698616e+00    7.016217e+00
  9.714025e+00    7.015576e+00
  9.729433e+00    7.012943e+00
  9.744841e+00    7.010230e+00
  9.760250e+00    7.004450e+00
  9.775658e+00    6.993973e+00
  9.791067e+00    6.997680e+00
  9.806475e+00    6.993514e+00
  9.821883e+00    6.993922e+00
  9.837292e+00    6.986408e+00
  9.852700e+00    6.988763e+00
  9.868108e+00    6.984366e+00
  9.883517e+00    6.983376e+00
  9.898925e+00    6.980263e+00
  9.914333e+00    6.985070e+00
  9.929742e+00    6.992358e+00
  9.945150e+00    6.990043e+00
  9.960558e+00    7.002234e+00
  9.975967e+00    7.029695e+00
  9.991375e+00    7.118935e+00
  1.000678e+01    7.560691e+00
  1.002219e+01    1.012169e+01
  1.003760e+01    1.450571e+01
  1.005301e+01    1.482129e+01
  1.006842e+01    1.064604e+01
  1.008383e+01    7.758546e+00
  1.009923e+01    7.153555e+00
  1.011464e+01    7.050619e+00
  1.013005e+01    7.023459e+00
  1.014546e+01    7.023649e+00
  1.016087e+01    7.015486e+00
  1.017628e+01    7.019839e+00
  1.019168e+01    7.024055e+00
  1.020709e+01    7.027323e+00
  1.022250e+01    7.035985e+00
  1.023791e+01    7.055799e+00
  1.025332e+01    7.079175e+00
  1.026873e+01    7.120510e+00
  1.028413e+01    7.207040e+00
  1.029954e+01    7.495702e+00
  1.031495e+01    8.897603e+00
  1.033036e+01    1.741630e+01
  1.034577e+01    3.634322e+01
  1.036118e+01    4.367450e+01
  1.037658e+01    2.742799e+01
  1.039199e+01    1.188498e+01
  1.040740e+01    7.926957e+00
  1.042281e+01    7.300058e+00
  1.043822e+01    7.128765e+00
  1.045363e+01    7.065183e+00
  1.046903e+01    7.039690e+00
  1.048444e+01    7.032880e+00
  1.049985e+01    7.016867e+00
  1.051526e+01    7.016788e+00
  1.053067e+01    7.018852e+00
  1.054608e+01    7.038198e+00
  1.056148e+01    7.054012e+00
  1.057689e+01    7.097950e+00
  1.059230e+01    7.226999e+00
  1.060771e+01    7.676960e+00
  1.062312e+01    1.055139e+01
  1.063853e+01    2.228891e+01
  1.065393e+01    3.592064e+01
  1.066934e+01    3.181966e+01
  1.068475e+01    1.641768e+01
  1.070016e+01    8.691708e+00
  1.071557e+01    7.373624e+00
  1.073098e+01    7.109128e+00
  1.074638e+01    7.023769e+00
  1.076179e+01    6.990163e+00
  1.077720e+01    6.978376e+00
  1.079261e+01    6.962799e+00
  1.080802e+01    6.944325e+00
  1.082343e+01    6.937337e+00
  1.083883e+01    6.938889e+00
  1.085424e+01    6.937989e+00
  1.086965e+01    6.952418e+00
  1.088506e+01    6.999972e+00
  1.090047e+01    7.177250e+00
  1.091588e+01    8.330473e+00
  1.093129e+01    1.281781e+01
  1.094669e+01    1.829448e+01
  1.096210e+01    1.661974e+01
  1.097751e+01    1.070249e+01
  1.099292e+01    7.577822e+00
  1.100833e+01    7.034302e+00
  1.102374e+01    6.934109e+00
  1.103914e+01    6.912881e+00
  1.105455e+01    6.888615e+00
  1.106996e+01    6.893513e+00
  1.108537e+01    6.882418e+00
  1.110078e+01    6.877833e+00
  1.111619e+01    6.887784e+00
  1.113159e+01    6.893346e+00
  1.114700e+01    6.907215e+00
  1.116241e+01    6.940325e+00
  1.117782e+01    7.053236e+00
  1.119323e+01    7.617189e+00
  1.120864e+01    1.079571e+01
  1.122404e+01    1.832582e+01
  1.123945e+01    2.226172e+01
  1.125486e+01    1.660152e+01
  1.127027e+01    9.612896e+00
  1.128568e+01    7.340807e+00
  1.130109e+01    6.989487e+00
  1.131649e+01    6.908772e+00
  1.133190e+01    6.891101e+00
  1.134731e+01    6.891959e+00
  1.136272e+01    6.881916e+00
  1.137813e+01    6.885541e+00
  1.139354e+01    6.897781e+00
  1.140894e+01    6.918220e+00
  1.142435e+01    6.941263e+00
  1.143976e+01    6.992763e+00
  1.145517e+01    7.184226e+00
  1.147058e+01    8.073420e+00
  1.148599e+01    1.338989e+01
  1.150139e+01    2.767559e+01
  1.151680e+01    3.646573e+01
  1.153221e+01    2.677012e+01
  1.154762e+01    1.295728e+01
  1.156303e+01    7.939260e+00
  1.157844e+01    7.139690e+00
  1.159384e+01    6.954659e+00
  1.160925e+01    6.898914e+00
  1.162466e+01    6.862438e+00
  1.164007e+01    6.848205e+00
  1.165548e+01    6.829287e+00
  1.167089e+01    6.830576e+00
  1.168629e+01    6.824918e+00
  1.170170e+01    6.821343e+00
  1.171711e+01    6.853158e+00
  1.173252e+01    6.992148e+00
  1.174793e+01    7.803624e+00
  1.176334e+01    1.168900e+01
  1.177874e+01    1.868457e+01
  1.179415e+01    1.959981e+01
  1.180956e+01    1.343901e+01
  1.182497e+01    8.404449e+00
  1.184038e+01    7.030674e+00
  1.185579e+01    6.819549e+00
  1.187120e+01    6.749806e+00
  1.188660e+01    6.726707e+00
  1.190201e+01    6.722528e+00
  1.191742e+01    6.718237e+00
  1.193283e+01    6.706286e+00
  1.194824e+01    6.685161e+00
  1.196365e+01    6.685352e+00
  1.197905e+01    6.673489e+00
  1.199446e+01    6.662302e+00
  1.200987e+01    6.655764e+00
  1.202528e+01    6.668481e+00
  1.204069e+01    6.653125e+00
  1.205610e+01    6.658103e+00
  1.207150e+01    6.652402e+00
  1.208691e+01    6.649444e+00
  1.210232e+01    6.653431e+00
  1.211773e+01    6.648768e+00
  1.213314e+01    6.649842e+00
  1.214855e+01    6.652944e+00
  1.216395e+01    6.643507e+00
  1.217936e+01    6.658747e+00
  1.219477e+01    6.656043e+00
  1.221018e+01    6.667787e+00
  1.222559e+01    6.686001e+00
  1.224100e+01    6.699986e+00
  1.225640e+01    6.758348e+00
  1.227181e+01    7.074965e+00
  1.228722e+01    8.729219e+00
  1.230263e+01    1.239611e+01
  1.231804e+01    1.389645e+01
  1.233345e+01    1.118105e+01
  1.234885e+01    7.979892e+00
  1.236426e+01    6.915971e+00
  1.237967e+01    6.741475e+00
  1.239508e+01    6.729694e+00
  1.241049e+01    6.705846e+00
  1.242590e+01    6.707156e+00
  1.244130e+01    6.716591e+00
  1.245671e+01    6.729648e+00
  1.247212e+01    6.721229e+00
  1.248753e+01    6.748519e+00
  1.250294e+01    6.780013e+00
  1.251835e+01    6.900944e+00
  1.253375e+01    7.645525e+00
  1.254916e+01    1.037013e+01
  1.256457e+01    1.354521e+01
  1.257998e+01    1.292826e+01
  1.259539e+01    9.500325e+00
  1.261080e+01    7.354035e+00
  1.262620e+01    6.903007e+00
  1.264161e+01    6.821039e+00
  1.265702e+01    6.786934e+00
  1.267243e+01    6.792119e+00
  1.268784e+01    6.816510e+00
  1.270325e+01    6.832498e+00
  1.271865e+01    6.858065e+00
  1.273406e+01    6.887594e+00
  1.274947e+01    6.987306e+00
  1.276488e+01    7.331816e+00
  1.278029e+01    9.243233e+00
  1.279570e+01    1.756457e+01
  1.281111e+01    3.039854e+01
  1.282651e+01    3.282338e+01
  1.284192e+01    2.025830e+01
  1.285733e+01    1.016002e+01
  1.287274e+01    7.451047e+00
  1.288815e+01    7.022149e+00
  1.290356e+01    6.898924e+00
  1.291896e+01    6.857209e+00
  1.293437e+01    6.847028e+00
  1.294978e+01    6.826253e+00
  1.296519e+01    6.824022e+00
  1.298060e+01    6.848785e+00
  1.299601e+01    6.884875e+00
  1.301141e+01    7.044172e+00
  1.302682e+01    8.023561e+00
  1.304223e+01    1.197330e+01
  1.305764e+01    1.719995e+01
  1.307305e+01    1.753123e+01
  1.308846e+01    1.203783e+01
  1.310386e+01    8.097767e+00
  1.311927e+01    7.030588e+00
  1.313468e+01    6.832894e+00
  1.315009e+01    6.790079e+00
  1.316550e+01    6.778455e+00
  1.318091e+01    6.778047e+00
  1.319631e+01    6.784453e+00
  1.321172e+01    6.772606e+00
  1.322713e+01    6.763443e+00
  1.324254e+01    6.757427e+00
  1.325795e+01    6.757117e+00
  1.327336e+01    6.753467e+00
  1.328876e+01    6.753656e+00
  1.330417e+01    6.763645e+00
  1.331958e+01    6.769420e+00
  1.333499e+01    6.767816e+00
  1.335040e+01    6.777476e+00
  1.336581e+01    6.774914e+00
  1.338121e+01    6.782043e+00
  1.339662e+01    6.800801e+00
  1.341203e+01    6.810056e+00
  1.342744e+01    6.823657e+00
  1.344285e+01    6.834732e+00
  1.345826e+01    6.876879e+00
  1.347366e+01    6.937932e+00
  1.348907e+01    7.218444e+00
  1.350448e+01    8.829541e+00
  1.351989e+01    1.517931e+01
  1.353530e+01    2.391000e+01
  1.355071e+01    2.474267e+01
  1.356611e+01    1.622227e+01
  1.358152e+01    9.193460e+00
  1.359693e+01    7.268246e+00
  1.361234e+01    6.971303e+00
  1.362775e+01    6.899482e+00
  1.364316e+01    6.873250e+00
  1.365856e+01    6.869744e+00
  1.367397e+01    6.867256e+00
  1.368938e+01    6.841716e+00
  1.370479e+01    6.877910e+00
  1.372020e+01    6.958495e+00
  1.373561e+01    7.419816e+00
  1.375102e+01    9.396846e+00
  1.376642e+01    1.274954e+01
  1.378183e+01    1.364635e+01
  1.379724e+01    1.073007e+01
  1.381265e+01    7.886325e+00
  1.382806e+01    6.978664e+00
  1.384347e+01    6.848904e+00
  1.385887e+01    6.807966e+00
  1.387428e+01    6.793089e+00
  1.388969e+01    6.790110e+00
  1.390510e+01    6.771664e+00
  1.392051e+01    6.771750e+00
  1.393592e+01    6.779317e+00
  1.395132e+01    6.759014e+00
  1.396673e+01    6.754692e+00
  1.398214e+01    6.761425e+00
  1.399755e+01    6.751850e+00
  1.401296e+01    6.753070e+00
  1.402837e+01    6.742343e+00
  1.404377e+01    6.741621e+00
  1.405918e+01    6.750606e+00
  1.407459e+01    6.753505e+00
  1.409000e+01    6.741159e+00
  1.410541e+01    6.749241e+00
  1.412082e+01    6.746459e+00
  1.413622e+01    6.756354e+00
  1.415163e+01    6.754850e+00
  1.416704e+01    6.797097e+00
  1.418245e+01    6.906584e+00
  1.419786e+01    7.518117e+00
  1.421327e+01    9.242603e+00
  1.422867e+01    1.004335e+01
  1.424408e+01    9.310523e+00
  1.425949e+01    7.853405e+00
  1.427490e+01    6.994151e+00
  1.429031e+01    6.809665e+00
  1.430572e+01    6.777576e+00
  1.432112e+01    6.778682e+00
  1.433653e+01    6.771955e+00
  1.435194e+01    6.783502e+00
  1.436735e+01    6.792369e+00
  1.438276e+01    6.839596e+00
  1.439817e+01    7.035145e+00
  1.441357e+01    8.138947e+00
  1.442898e+01    1.257741e+01
  1.444439e+01    1.845934e+01
  1.445980e+01    1.824694e+01
  1.447521e+01    1.302171e+01
  1.449062e+01    8.499389e+00
  1.450602e+01    7.104090e+00
  1.452143e+01    6.891282e+00
  1.453684e+01    6.810354e+00
  1.455225e+01    6.810160e+00
  1.456766e+01    6.784866e+00
  1.458307e+01    6.809711e+00
  1.459847e+01    6.832712e+00
  1.461388e+01    6.966195e+00
  1.462929e+01    7.764602e+00
  1.464470e+01    1.102388e+01
  1.466011e+01    1.699214e+01
  1.467552e+01    1.948174e+01
  1.469093e+01    1.504214e+01
  1.470633e+01    9.286072e+00
  1.472174e+01    7.234574e+00
  1.473715e+01    6.882640e+00
  1.475256e+01    6.792876e+00
  1.476797e+01    6.775488e+00
  1.478338e+01    6.751871e+00
  1.479878e+01    6.766439e+00
  1.481419e+01    6.805532e+00
  1.482960e+01    6.868722e+00
  1.484501e+01    7.480151e+00
  1.486042e+01    9.782122e+00
  1.487583e+01    1.385824e+01
  1.489123e+01    1.542713e+01
  1.490664e+01    1.268217e+01
  1.492205e+01    8.931032e+00
  1.493746e+01    7.158417e+00
  1.495287e+01    6.786691e+00
  1.496828e+01    6.736707e+00
  1.498368e+01    6.710279e+00
  1.499909e+01    6.686312e+00
  1.501450e+01    6.718497e+00
  1.502991e+01    6.734074e+00
  1.504532e+01    6.836976e+00
  1.506073e+01    7.456108e+00
  1.507613e+01    9.505219e+00
  1.509154e+01    1.278864e+01
  1.510695e+01    1.262108e+01
  1.512236e+01    9.436957e+00
  1.513777e+01    7.366108e+00
  1.515318e+01    6.777686e+00
  1.516858e+01    6.681279e+00
  1.518399e+01    6.638916e+00
  1.519940e+01    6.650321e+00
  1.521481e+01    6.665499e+00
  1.523022e+01    6.681103e+00
  1.524563e+01    6.683005e+00
  1.526103e+01    6.771223e+00
  1.527644e+01    7.232341e+00
  1.529185e+01    8.520600e+00
  1.530726e+01    9.123163e+00
  1.532267e+01    8.832951e+00
  1.533808e+01    7.600851e+00
  1.535348e+01    6.924926e+00
  1.536889e+01    6.799270e+00
  1.538430e+01    6.805202e+00
  1.539971e+01    6.785355e+00
  1.541512e+01    6.740672e+00
  1.543053e+01    6.789261e+00
  1.544593e+01    6.817467e+00
  1.546134e+01    6.999845e+00
  1.547675e+01    8.103348e+00
  1.549216e+01    1.206816e+01
  1.550757e+01    1.672096e+01
  1.552298e+01    1.596378e+01
  1.553838e+01    1.117444e+01
  1.555379e+01    7.877743e+00
  1.556920e+01    7.079342e+00
  1.558461e+01    6.901145e+00
  1.560002e+01    6.878180e+00
  1.561543e+01    6.943814e+00
  1.563084e+01    6.777118e+00
  1.564624e+01    6.731718e+00
  1.566165e+01    6.804205e+00
  1.567706e+01    6.861578e+00
  1.569247e+01    6.828727e+00
  1.570788e+01    6.845848e+00
  1.572329e+01    6.856753e+00
  1.573869e+01    6.913385e+00
  1.575410e+01    6.838660e+00
  1.576951e+01    6.847656e+00
  1.578492e+01    6.990467e+00
  1.580033e+01    6.982879e+00
